  left: [
    // F0
    [
      ["HAIR", 5, 0, 6, 2], ["HAIR", 7, 2, 4, 2], ["HAIR", 8, 4, 3, 2],
      ["SKIN", 5, 2, 2, 1], ["SKIN", 6, 3, 1, 3], ["SKIN", 7, 4, 1, 2],
      ["SKIN", 5, 4, 1, 2], ["SKIN", 4, 7, 1, 3], ["#222", 5, 3, 1, 1],
      ["SHIRT", 6, 6, 5, 4], ["SHIRT", 5, 7, 1, 3], ["SHIRT", 6,10, 5, 1],
      ["PANTS", 5,11, 7, 2], ["BOOTS",12,11, 2, 3], ["BOOTS", 3,11, 2, 3],
    ],
    // F1
    [
      ["HAIR", 5, 0, 6, 2], ["HAIR", 7, 2, 4, 2], ["HAIR", 8, 4, 3, 2],
      ["HAIR", 9, 6, 2, 1], ["SKIN", 5, 2, 2, 1], ["SKIN", 6, 3, 1, 3],
      ["SKIN", 7, 4, 1, 2], ["SKIN", 5, 4, 1, 2], ["#222", 5, 3, 1, 1],
      ["SHIRT",11, 6, 1, 5], ["SHIRT", 6, 6, 3, 5], ["SHIRT", 9, 7, 2, 4],
      ["SHIRT", 5, 7, 1, 4], ["PANTS", 5,11, 7, 2], ["PANTS", 9,13, 3, 1],
      ["PANTS", 5,13, 3, 1], ["BOOTS",12,12, 1, 3], ["BOOTS", 4,12, 1, 3],
      ["BOOTS",11,14, 1, 1], ["BOOTS",10,14, 1, 1], ["BOOTS", 5,14, 2, 1],
    ],
    // F2
    [
      ["HAIR", 5, 0, 6, 2], ["HAIR", 7, 2, 4, 2], ["HAIR", 8, 4, 3, 2],
      ["SKIN", 5, 2, 2, 1], ["SKIN", 6, 3, 1, 3], ["SKIN", 7, 4, 1, 2],
      ["SKIN", 5, 4, 1, 2], ["#222", 5, 3, 1, 1], ["SHIRT", 6, 6, 5, 5],
      ["SHIRT", 5, 7, 1, 4], ["PANTS", 6,11, 5, 2], ["BOOTS", 6,13, 3, 2],
    ],
    // F3
    [
      ["HAIR", 5, 0, 6, 2], ["HAIR", 7, 2, 4, 2], ["HAIR", 8, 4, 3, 2],
      ["SKIN", 5, 2, 2, 1], ["SKIN", 6, 3, 1, 3], ["SKIN", 7, 4, 1, 2],
      ["SKIN", 5, 4, 1, 2], ["#222", 5, 3, 1, 1], ["SHIRT", 6, 6, 5, 5],
      ["SHIRT", 5, 7, 1, 4], ["PANTS", 6,11, 5, 2], ["PANTS",11,12, 1, 1],
      ["PANTS", 5,12, 1, 1], ["BOOTS",12,12, 1, 3], ["BOOTS",10,13, 2, 2],
      ["BOOTS", 5,13, 1, 1], ["BOOTS", 4,12, 1, 2], ["BOOTS", 6,14, 1, 1],
    ],
    // F4
    [
      ["HAIR", 5, 0, 6, 2], ["HAIR", 7, 2, 4, 2], ["HAIR", 8, 4, 3, 2],
      ["SKIN", 5, 2, 2, 1], ["SKIN", 6, 3, 1, 3], ["SKIN", 7, 4, 1, 2],
      ["SKIN", 5, 4, 1, 2], ["SKIN", 3, 7, 1, 3], ["SKIN",10, 9, 3, 1],
      ["#222", 5, 3, 1, 1], ["SHIRT", 4, 6, 9, 3], ["SHIRT", 4, 9, 6, 1],
      ["SHIRT", 6,10, 5, 1], ["PANTS", 5,11, 7, 2], ["BOOTS",12,11, 2, 3],
      ["BOOTS", 3,11, 2, 3], ["BOOTS",11,13, 1, 1], ["BOOTS", 5,13, 1, 1],
    ],
    // F5
    [
      ["HAIR", 5, 0, 6, 2], ["HAIR", 7, 2, 4, 2], ["HAIR", 8, 4, 3, 2],
      ["HAIR", 9, 6, 1, 1], ["SKIN", 5, 2, 2, 1], ["SKIN", 6, 3, 1, 3],
      ["SKIN", 7, 4, 1, 2], ["SKIN", 5, 4, 1, 2], ["SKIN", 3, 7, 1, 4],
      ["SKIN",10, 9, 3, 1], ["SKIN",11,10, 2, 1], ["#222", 5, 3, 1, 1],
      ["SHIRT",10, 6, 3, 3], ["SHIRT", 4, 6, 5, 5], ["SHIRT", 9, 7, 1, 4],
      ["SHIRT",10,10, 1, 1], ["PANTS", 6,11, 6, 2], ["PANTS", 5,12, 1, 1],
      ["PANTS", 9,13, 2, 1], ["PANTS", 6,13, 2, 1], ["BOOTS",12,12, 1, 3],
      ["BOOTS",11,13, 1, 1], ["BOOTS", 4,12, 1, 2], ["BOOTS", 5,13, 1, 1],
      ["BOOTS",10,14, 2, 1], ["BOOTS", 4,14, 3, 1],
    ],
    // F6
    [
      ["HAIR", 5, 0, 6, 2], ["HAIR", 7, 2, 4, 2], ["HAIR", 8, 4, 3, 2],
      ["SKIN", 5, 2, 2, 1], ["SKIN", 6, 3, 1, 3], ["SKIN", 7, 4, 1, 2],
      ["SKIN", 5, 4, 1, 2], ["SKIN", 9, 9, 3, 1], ["#222", 5, 3, 1, 1],
      ["SHIRT", 6, 6, 6, 3], ["SHIRT", 5, 7, 1, 4], ["SHIRT", 6, 9, 3, 2],
      ["SHIRT", 9,10, 2, 1], ["PANTS", 6,11, 5, 2], ["BOOTS", 6,13, 3, 2],
    ],
    // F7
    [
      ["HAIR", 4, 0, 7, 2], ["HAIR", 7, 2, 4, 2], ["HAIR", 8, 4, 3, 2],
      ["SKIN", 4, 2, 3, 1], ["SKIN", 6, 3, 1, 3], ["SKIN", 7, 4, 1, 2],
      ["SKIN", 4, 4, 2, 2], ["SKIN", 9, 9, 3, 1], ["#222", 5, 3, 1, 1],
      ["SHIRT", 6, 6, 6, 3], ["SHIRT", 5, 7, 1, 4], ["SHIRT", 4, 8, 1, 3],
      ["SHIRT", 6, 9, 3, 2], ["SHIRT", 9,10, 2, 1], ["PANTS", 5,11, 6, 2],
      ["PANTS",11,12, 1, 2], ["PANTS", 6,13, 5, 1], ["BOOTS",12,12, 1, 3],
      ["BOOTS", 4,12, 1, 2], ["BOOTS", 5,13, 1, 2], ["BOOTS",10,14, 2, 1],
      ["BOOTS", 6,14, 1, 1],
    ],
    // F8
    [
      ["HAIR", 5, 0, 6, 2], ["HAIR", 7, 2, 4, 2], ["HAIR", 8, 4, 3, 2],
      ["SKIN", 5, 2, 2, 1], ["SKIN", 6, 3, 1, 3], ["SKIN", 7, 4, 1, 2],
      ["SKIN", 5, 4, 1, 2], ["SKIN", 4, 7, 1, 3], ["SKIN", 9, 9, 3, 1],
      ["#222", 5, 3, 1, 1], ["SHIRT", 6, 6, 6, 3], ["SHIRT", 5, 7, 1, 3],
      ["SHIRT", 6, 9, 3, 2], ["SHIRT", 9,10, 2, 1], ["PANTS", 5,11, 7, 2],
      ["BOOTS",12,11, 2, 3], ["BOOTS", 3,11, 2, 3], ["BOOTS",11,13, 1, 1],
      ["BOOTS", 5,13, 1, 1],
    ],
    // F9
    [
      ["HAIR", 5, 0, 6, 2], ["HAIR", 7, 2, 4, 2], ["HAIR", 8, 4, 3, 2],
      ["SKIN", 5, 2, 2, 1], ["SKIN", 6, 3, 1, 3], ["SKIN", 7, 4, 1, 2],
      ["SKIN", 5, 4, 1, 2], ["SKIN", 4, 7, 1, 4], ["SKIN", 9, 9, 3, 1],
      ["#222", 5, 3, 1, 1], ["SHIRT", 6, 6, 6, 3], ["SHIRT", 5, 7, 1, 3],
      ["SHIRT", 6, 9, 3, 2], ["SHIRT", 9,10, 2, 1], ["PANTS", 6,11, 6, 2],
      ["PANTS", 9,13, 3, 1], ["PANTS", 6,13, 2, 1], ["BOOTS",12,12, 1, 3],
      ["BOOTS", 4,12, 1, 3], ["BOOTS", 5,13, 1, 2], ["BOOTS",11,14, 1, 1],
      ["BOOTS",10,14, 1, 1], ["BOOTS", 6,14, 1, 1],
    ],
    // F10
    [
      ["HAIR", 5, 0, 6, 2], ["HAIR", 7, 2, 4, 2], ["HAIR", 8, 4, 3, 2],
      ["SKIN", 5, 2, 2, 1], ["SKIN", 6, 3, 1, 3], ["SKIN", 7, 4, 1, 2],
      ["SKIN", 5, 4, 1, 2], ["SKIN", 4, 7, 1, 3], ["SKIN", 9, 9, 3, 1],
      ["#222", 5, 3, 1, 1], ["SHIRT", 6, 6, 6, 3], ["SHIRT", 5, 7, 1, 3],
      ["SHIRT", 6, 9, 3, 2], ["SHIRT", 9,10, 2, 1], ["PANTS", 6,11, 5, 2],
      ["BOOTS", 6,13, 3, 2],
    ],
    // F11
    [
      ["HAIR", 5, 0, 6, 2], ["HAIR", 7, 2, 4, 2], ["HAIR", 8, 4, 3, 2],
      ["HAIR", 9, 6, 2, 1], ["SKIN", 5, 2, 2, 1], ["SKIN", 6, 3, 1, 3],
      ["SKIN", 7, 4, 1, 2], ["SKIN", 5, 4, 1, 2], ["#222", 5, 3, 1, 1],
      ["SHIRT", 6, 6, 3, 5], ["SHIRT", 9, 7, 2, 4], ["SHIRT", 5, 7, 1, 4],
      ["PANTS", 5,11, 6, 2], ["BOOTS", 7,13, 2, 2], ["BOOTS", 9,14, 1, 1],
    ],
    // F12
    [
      ["HAIR", 4, 0, 7, 2], ["HAIR", 7, 2, 4, 2], ["HAIR", 8, 4, 3, 2],
      ["SKIN", 4, 2, 3, 1], ["SKIN", 6, 3, 1, 3], ["SKIN", 7, 4, 1, 2],
      ["SKIN", 4, 4, 2, 2], ["#222", 5, 3, 1, 1], ["SHIRT", 6, 6, 5, 5],
      ["SHIRT", 5, 7, 1, 4], ["PANTS", 5,11, 6, 2], ["PANTS",11,12, 1, 2],
      ["PANTS", 9,13, 2, 1], ["BOOTS",12,12, 1, 3], ["BOOTS", 4,12, 1, 3],
      ["BOOTS", 5,13, 1, 2], ["BOOTS",10,14, 2, 1], ["BOOTS", 6,14, 1, 1],
    ],
  ],
  right: [
    // F0
    [
      ["HAIR", 5, 0, 6, 2], ["HAIR", 5, 2, 4, 2], ["HAIR", 5, 4, 3, 2],
      ["SKIN", 9, 2, 2, 1], ["SKIN", 9, 3, 1, 3], ["SKIN", 8, 4, 1, 2],
      ["SKIN",10, 4, 1, 2], ["SKIN",11, 7, 1, 3], ["#222",10, 3, 1, 1],
      ["SHIRT", 5, 6, 5, 4], ["SHIRT",10, 7, 1, 3], ["SHIRT", 5,10, 5, 1],
      ["PANTS", 4,11, 7, 2], ["BOOTS", 2,11, 2, 3], ["BOOTS",11,11, 2, 3],
    ],
    // F1
    [
      ["HAIR", 5, 0, 6, 2], ["HAIR", 5, 2, 4, 2], ["HAIR", 5, 4, 3, 2],
      ["HAIR", 5, 6, 2, 1], ["SKIN", 9, 2, 2, 1], ["SKIN", 9, 3, 1, 3],
      ["SKIN", 8, 4, 1, 2], ["SKIN",10, 4, 1, 2], ["#222",10, 3, 1, 1],
      ["SHIRT", 4, 6, 1, 5], ["SHIRT", 7, 6, 3, 5], ["SHIRT", 5, 7, 2, 4],
      ["SHIRT",10, 7, 1, 4], ["PANTS", 4,11, 7, 2], ["PANTS", 4,13, 3, 1],
      ["PANTS", 8,13, 3, 1], ["BOOTS", 3,12, 1, 3], ["BOOTS",11,12, 1, 3],
      ["BOOTS", 4,14, 1, 1], ["BOOTS", 5,14, 1, 1], ["BOOTS", 9,14, 2, 1],
    ],
    // F2
    [
      ["HAIR", 5, 0, 6, 2], ["HAIR", 5, 2, 4, 2], ["HAIR", 5, 4, 3, 2],
      ["SKIN", 9, 2, 2, 1], ["SKIN", 9, 3, 1, 3], ["SKIN", 8, 4, 1, 2],
      ["SKIN",10, 4, 1, 2], ["#222",10, 3, 1, 1], ["SHIRT", 5, 6, 5, 5],
      ["SHIRT",10, 7, 1, 4], ["PANTS", 5,11, 5, 2], ["BOOTS", 7,13, 3, 2],
    ],
    // F3
    [
      ["HAIR", 5, 0, 6, 2], ["HAIR", 5, 2, 4, 2], ["HAIR", 5, 4, 3, 2],
      ["SKIN", 9, 2, 2, 1], ["SKIN", 9, 3, 1, 3], ["SKIN", 8, 4, 1, 2],
      ["SKIN",10, 4, 1, 2], ["#222",10, 3, 1, 1], ["SHIRT", 5, 6, 5, 5],
      ["SHIRT",10, 7, 1, 4], ["PANTS", 5,11, 5, 2], ["PANTS", 4,12, 1, 1],
      ["PANTS",10,12, 1, 1], ["BOOTS", 3,12, 1, 3], ["BOOTS", 4,13, 2, 2],
      ["BOOTS",10,13, 1, 1], ["BOOTS",11,12, 1, 2], ["BOOTS", 9,14, 1, 1],
    ],
    // F4
    [
      ["HAIR", 5, 0, 6, 2], ["HAIR", 5, 2, 4, 2], ["HAIR", 5, 4, 3, 2],
      ["SKIN", 9, 2, 2, 1], ["SKIN", 9, 3, 1, 3], ["SKIN", 8, 4, 1, 2],
      ["SKIN",10, 4, 1, 2], ["SKIN",12, 7, 1, 3], ["SKIN", 3, 9, 3, 1],
      ["#222",10, 3, 1, 1], ["SHIRT", 3, 6, 9, 3], ["SHIRT", 6, 9, 6, 1],
      ["SHIRT", 5,10, 5, 1], ["PANTS", 4,11, 7, 2], ["BOOTS", 2,11, 2, 3],
      ["BOOTS",11,11, 2, 3], ["BOOTS", 4,13, 1, 1], ["BOOTS",10,13, 1, 1],
    ],
    // F5
    [
      ["HAIR", 5, 0, 6, 2], ["HAIR", 5, 2, 4, 2], ["HAIR", 5, 4, 3, 2],
      ["HAIR", 6, 6, 1, 1], ["SKIN", 9, 2, 2, 1], ["SKIN", 9, 3, 1, 3],
      ["SKIN", 8, 4, 1, 2], ["SKIN",10, 4, 1, 2], ["SKIN",12, 7, 1, 4],
      ["SKIN", 3, 9, 3, 1], ["SKIN", 3,10, 2, 1], ["#222",10, 3, 1, 1],
      ["SHIRT", 3, 6, 3, 3], ["SHIRT", 7, 6, 5, 5], ["SHIRT", 6, 7, 1, 4],
      ["SHIRT", 5,10, 1, 1], ["PANTS", 4,11, 6, 2], ["PANTS",10,12, 1, 1],
      ["PANTS", 5,13, 2, 1], ["PANTS", 8,13, 2, 1], ["BOOTS", 3,12, 1, 3],
      ["BOOTS", 4,13, 1, 1], ["BOOTS",11,12, 1, 2], ["BOOTS",10,13, 1, 1],
      ["BOOTS", 4,14, 2, 1], ["BOOTS", 9,14, 3, 1],
    ],
    // F6
    [
      ["HAIR", 5, 0, 6, 2], ["HAIR", 5, 2, 4, 2], ["HAIR", 5, 4, 3, 2],
      ["SKIN", 9, 2, 2, 1], ["SKIN", 9, 3, 1, 3], ["SKIN", 8, 4, 1, 2],
      ["SKIN",10, 4, 1, 2], ["SKIN", 4, 9, 3, 1], ["#222",10, 3, 1, 1],
      ["SHIRT", 4, 6, 6, 3], ["SHIRT",10, 7, 1, 4], ["SHIRT", 7, 9, 3, 2],
      ["SHIRT", 5,10, 2, 1], ["PANTS", 5,11, 5, 2], ["BOOTS", 7,13, 3, 2],
    ],
    // F7
    [
      ["HAIR", 5, 0, 7, 2], ["HAIR", 5, 2, 4, 2], ["HAIR", 5, 4, 3, 2],
      ["SKIN", 9, 2, 3, 1], ["SKIN", 9, 3, 1, 3], ["SKIN", 8, 4, 1, 2],
      ["SKIN",10, 4, 2, 2], ["SKIN", 4, 9, 3, 1], ["#222",10, 3, 1, 1],
      ["SHIRT", 4, 6, 6, 3], ["SHIRT",10, 7, 1, 4], ["SHIRT",11, 8, 1, 3],
      ["SHIRT", 7, 9, 3, 2], ["SHIRT", 5,10, 2, 1], ["PANTS", 5,11, 6, 2],
      ["PANTS", 4,12, 1, 2], ["PANTS", 5,13, 5, 1], ["BOOTS", 3,12, 1, 3],
      ["BOOTS",11,12, 1, 2], ["BOOTS",10,13, 1, 2], ["BOOTS", 4,14, 2, 1],
      ["BOOTS", 9,14, 1, 1],
    ],
    // F8
    [
      ["HAIR", 5, 0, 6, 2], ["HAIR", 5, 2, 4, 2], ["HAIR", 5, 4, 3, 2],
      ["SKIN", 9, 2, 2, 1], ["SKIN", 9, 3, 1, 3], ["SKIN", 8, 4, 1, 2],
      ["SKIN",10, 4, 1, 2], ["SKIN",11, 7, 1, 3], ["SKIN", 4, 9, 3, 1],
      ["#222",10, 3, 1, 1], ["SHIRT", 4, 6, 6, 3], ["SHIRT",10, 7, 1, 3],
      ["SHIRT", 7, 9, 3, 2], ["SHIRT", 5,10, 2, 1], ["PANTS", 4,11, 7, 2],
      ["BOOTS", 2,11, 2, 3], ["BOOTS",11,11, 2, 3], ["BOOTS", 4,13, 1, 1],
      ["BOOTS",10,13, 1, 1],
    ],
    // F9
    [
      ["HAIR", 5, 0, 6, 2], ["HAIR", 5, 2, 4, 2], ["HAIR", 5, 4, 3, 2],
      ["SKIN", 9, 2, 2, 1], ["SKIN", 9, 3, 1, 3], ["SKIN", 8, 4, 1, 2],
      ["SKIN",10, 4, 1, 2], ["SKIN",11, 7, 1, 4], ["SKIN", 4, 9, 3, 1],
      ["#222",10, 3, 1, 1], ["SHIRT", 4, 6, 6, 3], ["SHIRT",10, 7, 1, 3],
      ["SHIRT", 7, 9, 3, 2], ["SHIRT", 5,10, 2, 1], ["PANTS", 4,11, 6, 2],
      ["PANTS", 4,13, 3, 1], ["PANTS", 8,13, 2, 1], ["BOOTS", 3,12, 1, 3],
      ["BOOTS",11,12, 1, 3], ["BOOTS",10,13, 1, 2], ["BOOTS", 4,14, 1, 1],
      ["BOOTS", 5,14, 1, 1], ["BOOTS", 9,14, 1, 1],
    ],
    // F10
    [
      ["HAIR", 5, 0, 6, 2], ["HAIR", 5, 2, 4, 2], ["HAIR", 5, 4, 3, 2],
      ["SKIN", 9, 2, 2, 1], ["SKIN", 9, 3, 1, 3], ["SKIN", 8, 4, 1, 2],
      ["SKIN",10, 4, 1, 2], ["SKIN",11, 7, 1, 3], ["SKIN", 4, 9, 3, 1],
      ["#222",10, 3, 1, 1], ["SHIRT", 4, 6, 6, 3], ["SHIRT",10, 7, 1, 3],
      ["SHIRT", 7, 9, 3, 2], ["SHIRT", 5,10, 2, 1], ["PANTS", 5,11, 5, 2],
      ["BOOTS", 7,13, 3, 2],
    ],
    // F11
    [
      ["HAIR", 5, 0, 6, 2], ["HAIR", 5, 2, 4, 2], ["HAIR", 5, 4, 3, 2],
      ["HAIR", 5, 6, 2, 1], ["SKIN", 9, 2, 2, 1], ["SKIN", 9, 3, 1, 3],
      ["SKIN", 8, 4, 1, 2], ["SKIN",10, 4, 1, 2], ["#222",10, 3, 1, 1],
      ["SHIRT", 7, 6, 3, 5], ["SHIRT", 5, 7, 2, 4], ["SHIRT",10, 7, 1, 4],
      ["PANTS", 5,11, 6, 2], ["BOOTS", 7,13, 2, 2], ["BOOTS", 6,14, 1, 1],
    ],
    // F12
    [
      ["HAIR", 5, 0, 7, 2], ["HAIR", 5, 2, 4, 2], ["HAIR", 5, 4, 3, 2],
      ["SKIN", 9, 2, 3, 1], ["SKIN", 9, 3, 1, 3], ["SKIN", 8, 4, 1, 2],
      ["SKIN",10, 4, 2, 2], ["#222",10, 3, 1, 1], ["SHIRT", 5, 6, 5, 5],
      ["SHIRT",10, 7, 1, 4], ["PANTS", 5,11, 6, 2], ["PANTS", 4,12, 1, 2],
      ["PANTS", 5,13, 2, 1], ["BOOTS", 3,12, 1, 3], ["BOOTS",11,12, 1, 3],
      ["BOOTS",10,13, 1, 2], ["BOOTS", 4,14, 2, 1], ["BOOTS", 9,14, 1, 1],
    ],
  ],